sc1 0001 42 3 93 3.88 -168.20 -168.85 0.65 44.35 44.28 -0.06 41.98 41.79 -0.19 0.66 0.80 9.40 -29.16 4.74 2.16 1.58 2.82 4.76 1.74 1.40 1.87 0 1 0.13 1.55 1.18 4.68 0 2
sc1 0001 6 6 90 2.15 -168.31 -169.63 1.32 46.16 46.27 0.11 44.00 44.01 0.01 0.79 0.86 9.44 -34.01 4.52 2.00 1.46 2.57 4.35 1.81 1.57 1.83 0 1 0.12 1.62 1.48 4.21 0 2
sc1 0007 24 5 429 8.90 -8.76 -7.48 1.28 11.13 10.80 -0.32 9.74 9.31 -0.43 0.41 0.66 9.63 -10.33 4.49 2.12 1.49 2.63 4.88 1.80 1.43 1.84 0 1 0.11 0.20 0.27 1.63 0 2
sc1 0007 4 5 153 3.53 11.24 11.42 0.18 34.92 34.96 0.05 32.25 32.32 0.07 0.81 0.85 9.35 -20.04 4.98 2.12 1.76 2.83 5.09 2.06 1.76 1.87 0 0 0.10 0.79 1.03 4.78 0 2
sc1 0009 5 8 153 0.14 12.17 11.79 0.38 43.67 43.85 0.18 40.61 40.90 0.29 0.86 0.92 9.48 -15.98 5.51 2.15 1.89 3.36 5.73 2.18 1.77 1.90 1 0 0.00 1.86 1.72 5.32 0 3
sc1 0013 14 2 105 4.58 -168.21 -167.56 0.65 38.04 37.92 -0.13 35.92 35.62 -0.30 0.65 0.76 9.32 -29.07 4.70 2.12 1.57 2.79 4.73 1.68 1.34 1.87 0 0 0.15 1.04 0.96 4.51 0 2
sc1 0013 35 8 131 0.85 -168.41 -168.41 0.00 46.90 47.12 0.21 44.20 44.35 0.15 0.75 0.79 9.46 -33.14 5.43 2.41 2.08 3.31 5.61 2.07 2.12 1.96 0 1 0.05 1.86 2.08 5.40 0 2
sc1 0015 1 5 179 4.90 11.71 13.29 1.59 28.03 27.92 -0.11 25.69 25.43 -0.26 0.79 0.84 9.24 -19.36 4.93 2.12 1.77 2.81 4.82 1.90 1.74 1.87 0 0 0.14 0.82 0.98 4.72 0 2
sc1 0015 30 6 176 7.29 11.44 10.73 0.71 28.02 27.76 -0.26 25.57 25.23 -0.34 0.71 0.73 9.20 -16.03 4.73 2.11 1.69 2.74 4.62 1.95 1.74 1.86 0 0 0.18 0.97 1.50 4.55 0 2
sc1 0020 41 6 83 3.60 -167.61 -167.82 0.21 63.87 64.22 0.35 61.28 61.60 0.33 0.57 0.70 9.73 -25.07 4.80 2.08 1.62 2.75 4.81 1.93 1.55 2.08 1 1 0.13 1.38 1.44 4.44 0 3
sc1 0020 8 6 109 1.27 -168.61 -170.08 1.47 42.45 42.56 0.10 40.14 40.15 0.01 0.70 0.78 9.38 -30.30 4.61 2.24 1.49 2.63 4.72 1.81 1.49 1.84 0 1 0.06 0.82 1.19 4.19 0 2
sc1 0026 6 5 86 2.77 -168.30 -168.86 0.56 50.88 51.07 0.19 48.25 48.45 0.20 0.75 0.81 9.54 -29.40 4.88 2.16 1.58 2.81 5.13 1.84 1.44 1.87 0 1 0.11 1.50 1.42 4.98 0 2
sc1 0027 45 5 103 2.35 -168.40 -169.59 1.19 44.15 44.24 0.09 41.99 41.99 0.00 0.68 0.81 9.41 -33.23 4.48 2.08 1.52 2.59 4.50 1.78 1.58 1.83 0 0 0.12 1.47 1.53 4.01 0 2
sc1 0030 37 4 31 0.17 108.88 112.04 3.16 154.95 156.34 1.40 152.24 153.91 1.67 0.38 0.44 11.02 -46.42 4.44 2.11 1.49 2.58 5.10 1.90 1.80 1.86 0 0 0.00 0.00 0.00 0.00 0 2
sc1 0033 18 7 155 5.42 10.89 10.52 0.37 29.80 29.81 0.02 27.38 27.38 -0.00 0.79 0.80 9.27 -16.20 4.48 2.06 1.47 2.49 4.65 1.72 1.50 1.81 0 0 0.14 0.79 1.37 4.29 0 2
sc1 0035 16 7 147 2.02 -160.40 -160.24 0.15 35.36 35.06 -0.30 32.85 32.46 -0.38 0.64 0.73 9.31 -20.45 4.76 2.30 1.62 2.69 4.90 1.84 1.60 1.85 0 1 0.07 0.81 0.84 4.31 0 2
sc1 0035 9 4 143 4.12 11.41 11.11 0.30 33.10 33.12 0.01 30.72 30.75 0.03 0.79 0.87 9.30 -19.95 4.39 2.07 1.50 2.53 4.53 1.94 1.67 1.82 0 0 0.11 1.02 1.46 4.20 0 2
sc1 0045 21 5 71 3.34 -167.97 -167.65 0.32 83.91 84.28 0.37 81.26 81.55 0.29 0.51 0.66 10.07 -29.00 5.04 2.15 1.69 2.93 4.91 2.01 1.64 2.06 1 1 0.13 0.72 0.79 2.38 0 3
sc1 0046 12 5 94 2.96 -168.26 -167.91 0.35 45.36 45.47 0.11 43.01 42.99 -0.02 0.70 0.85 9.44 -31.96 4.89 2.13 1.60 2.86 4.84 1.83 1.32 1.88 0 0 0.14 0.86 1.31 4.70 0 2
sc1 0047 27 6 161 0.41 12.59 12.87 0.28 40.08 40.41 0.32 36.95 37.36 0.42 0.78 0.85 9.45 -14.87 5.69 2.15 1.91 3.52 5.93 2.06 1.74 1.90 1 0 0.00 0.29 1.17 5.35 0 3
sc1 0050 11 5 85 3.18 -168.06 -168.77 0.71 50.49 50.77 0.28 48.20 48.33 0.12 0.68 0.78 9.53 -33.21 4.66 2.09 1.49 2.64 4.46 1.83 1.47 1.84 0 0 0.15 1.11 1.40 4.06 0 2
sc1 0052 8 6 260 1.23 -168.86 -168.97 0.11 28.81 28.75 -0.06 27.65 27.46 -0.19 0.80 0.84 9.47 -28.61 6.06 2.30 2.13 3.79 6.08 2.00 2.08 2.05 0 0 0.07 1.55 1.89 5.12 0 2
sc1 0060 39 5 122 2.04 -168.48 -167.99 0.49 36.47 36.46 -0.02 34.22 34.17 -0.05 0.70 0.77 9.29 -28.33 4.66 2.17 1.55 2.76 5.07 1.80 1.45 1.86 0 1 0.09 1.33 1.32 4.65 0 2
sc1 0080 30 3 106 0.42 11.73 9.38 2.35 52.08 52.39 0.31 49.64 50.08 0.44 0.67 0.74 9.60 -21.83 4.14 2.04 1.60 2.38 4.56 1.73 1.63 1.79 1 0 0.00 0.65 1.53 4.26 0 3
sc1 0083 34 3 77 3.23 -167.76 -170.41 2.64 51.61 51.65 0.03 49.27 49.28 0.01 0.77 0.81 9.54 -34.37 4.50 2.08 1.47 2.59 4.65 1.73 1.39 1.83 0 0 0.13 1.64 1.35 4.48 0 2
sc1 0084 21 6 87 4.49 -167.08 -168.40 1.32 65.62 65.93 0.31 62.99 63.21 0.22 0.60 0.76 9.73 -25.55 4.95 2.26 1.64 2.78 4.91 1.92 1.65 2.11 1 1 0.17 1.51 1.52 4.68 0 3
sc1 0087 18 5 170 3.03 30.66 28.44 2.22 29.52 29.22 -0.30 26.97 26.72 -0.25 0.63 0.70 9.32 -20.28 4.93 2.14 1.78 2.89 5.05 2.06 1.76 1.89 0 0 0.10 1.32 1.01 4.52 0 2
sc1 0090 22 5 128 4.27 -152.65 -151.49 1.16 36.34 36.27 -0.07 33.69 33.71 0.03 0.77 0.83 9.32 -14.83 4.72 1.97 1.52 2.70 5.00 1.82 1.41 1.85 0 1 0.12 1.09 1.37 4.15 0 2
sc1 0096 12 4 87 4.95 -168.30 -168.03 0.26 52.80 52.99 0.19 50.50 50.50 -0.00 0.63 0.72 9.53 -25.03 4.55 2.03 1.46 2.59 4.36 1.60 1.39 1.83 0 1 0.16 1.05 1.31 4.07 0 2
sc1 0097 3 5 124 3.37 -162.72 -163.25 0.53 42.32 42.34 0.03 39.87 39.76 -0.11 0.75 0.79 9.40 -21.69 4.77 2.10 1.60 2.77 4.69 1.70 1.59 2.01 1 1 0.11 1.43 1.50 4.45 0 3
sc1 0100 10 4 152 5.15 21.89 23.57 1.68 27.81 27.48 -0.33 25.86 25.20 -0.66 0.52 0.65 9.34 -21.71 4.80 2.12 1.58 2.82 4.81 1.46 1.33 1.87 0 0 0.16 1.13 0.60 3.83 0 2
sc2 0004 14 4 74 0.55 -167.73 -168.21 0.48 50.97 51.82 0.86 48.78 49.46 0.68 0.45 0.50 9.62 -30.92 4.47 1.92 1.45 2.67 4.18 1.73 1.37 1.67 1 0 0.00 0.46 0.84 1.49 0 3
sc2 0008 22 5 125 1.18 23.05 19.73 3.31 41.58 41.63 0.05 39.05 39.03 -0.02 0.73 0.79 9.48 -26.49 4.87 2.29 1.62 2.83 5.05 2.06 1.76 1.88 0 1 0.04 0.95 1.08 4.58 0 2
sc2 0008 37 5 73 0.98 -167.54 -168.74 1.21 58.39 59.16 0.77 56.21 56.51 0.30 0.52 0.65 9.75 -26.44 4.98 1.92 1.53 2.83 3.96 1.84 1.54 1.67 1 0 0.00 0.54 0.86 1.61 0 3
sc2 0010 39 4 103 4.65 -168.68 -168.74 0.06 39.80 40.21 0.42 37.45 37.67 0.22 0.54 0.64 9.44 -26.33 4.88 2.14 1.63 2.91 4.76 1.74 1.40 1.89 0 0 0.17 1.15 1.23 4.21 0 2
sc2 0010 7 3 98 2.32 -168.31 -168.49 0.17 41.84 42.26 0.42 39.71 39.98 0.27 0.67 0.70 9.45 -30.89 4.48 2.09 1.49 2.63 4.35 1.81 1.57 1.84 0 0 0.09 1.25 1.40 3.99 0 2
sc2 0010 9 3 57 0.95 10.97 9.84 1.13 86.76 87.93 1.17 84.35 84.85 0.50 0.29 0.60 10.04 -15.29 5.91 1.98 1.89 3.62 4.53 1.94 1.67 1.73 1 0 0.00 0.00 0.00 0.00 0 3
sc2 0011 20 5 124 4.09 -27.04 -30.44 3.40 41.10 40.92 -0.18 38.53 38.51 -0.03 0.55 0.80 9.58 -22.32 4.44 2.03 1.46 2.57 4.88 1.80 1.43 1.83 0 1 0.12 0.16 0.97 4.00 0 2
sc2 0019 31 4 168 1.70 -168.82 -170.64 1.81 36.93 37.04 0.11 34.52 34.53 0.01 0.81 0.85 9.41 -29.55 5.50 2.23 2.08 3.38 5.61 2.07 2.12 1.98 0 0 0.06 1.75 2.00 5.11 0 2
sc2 0024 16 3 187 3.97 -162.20 -163.89 1.69 26.61 26.55 -0.06 24.80 24.56 -0.24 0.65 0.78 9.45 -23.54 4.78 2.12 1.60 2.81 4.90 1.84 1.60 1.87 0 0 0.11 0.90 1.42 4.48 0 2
sc2 0031 41 2 124 4.17 -168.84 -167.93 0.91 37.27 37.41 0.14 35.24 35.24 -0.00 0.69 0.72 9.41 -30.21 4.58 2.10 1.52 2.70 4.50 1.78 1.58 1.85 0 0 0.13 1.42 1.46 4.04 0 2
sc2 0032 11 3 55 0.59 -167.37 -168.84 1.46 71.00 71.50 0.49 68.50 68.84 0.34 0.52 0.73 9.82 -25.80 4.98 1.85 1.55 2.93 4.73 1.68 1.34 1.60 1 0 0.00 0.14 0.11 1.42 0 3
sc2 0039 25 8 201 4.46 11.47 12.56 1.08 29.66 29.45 -0.21 26.55 26.25 -0.30 0.62 0.78 9.34 -13.21 5.92 2.46 1.98 3.60 5.93 2.06 1.74 2.02 0 1 0.14 1.09 0.87 5.69 0 2
sc2 0043 37 4 208 5.67 -166.22 -168.28 2.06 24.96 24.89 -0.08 23.20 22.96 -0.25 0.80 0.84 9.48 -22.46 4.79 2.13 1.64 2.86 4.81 1.93 1.55 1.88 0 0 0.17 1.14 1.50 4.64 0 2
sc2 0047 7 3 56 0.38 -167.32 -166.84 0.49 82.53 82.64 0.10 80.01 80.19 0.18 0.48 0.60 9.89 -28.63 4.50 1.94 1.43 2.59 4.72 1.81 1.49 1.69 1 0 0.00 0.00 0.00 0.00 0 3
sc2 0047 8 4 159 4.80 -168.56 -168.56 0.00 38.12 38.35 0.24 35.24 35.40 0.16 0.69 0.72 9.41 -25.80 5.96 2.29 2.18 3.70 6.08 2.00 2.08 2.04 0 0 0.17 1.79 1.91 5.60 0 2
sc2 0049 5 3 65 4.21 -168.14 -167.10 1.04 62.62 62.61 -0.01 59.90 59.96 0.06 0.54 0.76 9.73 -27.30 4.86 2.10 1.52 2.69 5.13 1.84 1.44 1.85 0 0 0.17 0.53 0.73 1.50 0 2
sc2 0064 15 2 69 1.11 -168.34 -165.91 2.43 54.95 55.52 0.56 52.43 53.06 0.63 0.53 0.69 9.72 -31.79 4.58 2.01 1.47 2.64 4.84 1.83 1.32 1.76 1 0 0.00 0.03 0.05 0.26 0 3
sc2 0070 13 4 77 0.74 -168.17 -166.63 1.54 54.65 55.08 0.43 52.29 52.73 0.44 0.57 0.69 9.72 -31.91 4.42 1.90 1.39 2.55 4.46 1.83 1.47 1.65 1 0 0.00 0.00 0.00 0.00 0 3
sc2 0070 20 3 110 0.19 -167.95 -166.44 1.51 40.67 41.23 0.57 38.17 38.78 0.61 0.67 0.69 9.45 -27.85 4.69 2.17 1.63 2.78 4.91 2.01 1.64 1.92 1 0 0.00 1.49 1.56 4.60 0 3
sc2 0070 34 7 173 3.46 11.44 10.67 0.78 29.91 29.60 -0.31 27.57 27.01 -0.56 0.69 0.72 9.31 -17.12 4.84 2.16 1.58 2.81 4.56 1.73 1.63 1.87 0 1 0.11 0.74 1.19 4.46 0 2
sc2 0077 38 3 55 0.62 -168.11 -169.29 1.18 74.65 75.01 0.36 71.96 72.42 0.46 0.49 0.76 9.83 -24.90 4.75 2.05 1.58 2.86 5.07 1.80 1.45 1.80 1 0 0.00 0.23 0.77 1.51 0 3
sc2 0079 25 3 199 3.49 -165.08 -164.77 0.30 24.91 24.90 -0.01 23.30 23.21 -0.10 0.74 0.81 9.48 -23.48 4.63 2.11 1.54 2.74 5.00 1.82 1.41 1.86 0 0 0.10 0.53 1.31 4.51 0 2
sc2 0089 36 2 111 6.56 -168.04 -170.24 2.20 36.95 37.13 0.18 34.96 34.89 -0.07 0.58 0.66 9.41 -29.51 4.70 2.12 1.57 2.79 4.65 1.73 1.39 1.87 0 0 0.20 1.22 1.27 4.42 0 2
sc2 0096 14 5 99 2.87 19.72 19.02 0.70 42.30 42.35 0.05 39.99 39.82 -0.17 0.51 0.63 9.49 -26.16 4.78 2.12 1.54 2.74 4.81 1.46 1.33 1.86 0 1 0.12 0.91 0.51 3.80 0 2
sc2 0100 4 4 199 4.18 -156.53 -155.96 0.57 25.29 25.19 -0.10 23.83 23.50 -0.33 0.65 0.68 9.45 -23.85 4.73 2.12 1.66 2.81 4.69 1.70 1.59 1.87 0 0 0.15 1.15 1.49 4.33 0 2
sc3 0001 37 4 65 0.41 12.72 14.16 1.44 60.35 61.10 0.74 57.83 58.60 0.77 0.53 0.61 9.46 -29.59 4.59 2.01 1.47 2.65 4.85 1.65 1.26 1.76 1 0 0.00 0.63 0.98 4.49 0 3
sc3 0001 62 4 69 3.16 12.12 15.73 3.61 56.30 56.91 0.61 53.71 54.39 0.67 0.63 0.66 9.38 -34.19 4.74 2.10 1.51 2.67 5.00 1.82 1.55 1.85 0 0 0.16 0.94 1.36 4.70 0 2
sc3 0004 35 5 203 3.10 23.13 16.86 6.27 26.59 26.98 0.39 24.88 25.04 0.17 0.64 0.66 9.28 -24.44 4.84 2.14 1.82 2.89 5.05 2.06 1.76 1.89 0 0 0.11 1.05 0.76 3.96 0 2
sc3 0009 56 4 163 5.35 -168.85 -169.39 0.54 28.68 28.76 0.09 26.29 26.17 -0.11 0.59 0.73 9.20 -17.92 4.97 2.10 1.67 2.99 4.76 1.74 1.40 1.90 0 1 0.14 1.24 1.34 4.24 0 2
sc3 0013 10 6 251 7.95 -168.31 -167.80 0.51 20.94 20.86 -0.09 18.73 18.43 -0.30 0.75 0.77 9.29 -14.09 4.75 2.06 1.52 2.69 4.35 1.81 1.57 1.85 0 1 0.19 1.18 1.41 4.07 0 2
sc3 0017 17 6 169 4.67 -167.97 -167.17 0.80 27.40 27.38 -0.02 25.08 24.93 -0.14 0.58 0.70 9.22 -18.34 4.75 2.07 1.59 2.83 4.73 1.68 1.34 1.87 0 1 0.14 1.16 0.93 4.43 0 2
sc3 0021 29 6 107 5.73 -74.03 -71.40 2.62 48.10 48.85 0.76 45.54 46.16 0.62 0.44 0.65 9.30 -6.55 5.17 1.99 1.74 3.15 4.88 1.80 1.43 1.91 1 1 0.14 0.14 0.33 1.24 0 3
sc3 0021 40 4 84 0.46 11.83 12.81 0.98 51.37 51.99 0.62 48.95 49.50 0.54 0.58 0.63 9.29 -32.22 4.63 2.19 1.60 2.82 4.62 1.95 1.74 1.94 1 0 0.00 1.35 1.46 4.44 0 3
sc3 0024 3 4 80 0.48 10.92 11.98 1.06 56.95 58.06 1.11 54.37 55.51 1.14 0.39 0.50 9.42 -27.58 4.64 2.12 1.64 2.83 4.82 1.90 1.74 1.87 1 0 0.00 1.42 1.64 4.22 0 3
sc3 0035 71 5 221 7.15 -168.68 -168.73 0.05 24.29 24.21 -0.08 21.95 21.71 -0.24 0.70 0.73 9.25 -14.53 4.71 2.08 1.66 2.77 4.50 1.78 1.58 1.86 0 1 0.17 1.15 1.01 3.97 0 2
sc3 0037 9 7 159 3.99 -168.10 -168.48 0.38 29.53 29.45 -0.07 26.95 26.80 -0.15 0.64 0.74 9.18 -18.40 5.17 2.07 1.68 3.01 5.13 1.84 1.44 1.91 0 1 0.14 1.46 1.34 4.79 0 2
sc3 0044 40 4 112 0.53 12.35 14.11 1.76 47.15 48.10 0.95 44.29 45.18 0.89 0.47 0.54 9.23 -33.47 5.78 2.46 2.07 3.68 5.93 2.06 1.74 2.21 1 0 0.00 1.36 1.11 5.85 0 3
sc3 0046 14 7 238 3.92 -168.46 -168.59 0.12 30.62 30.56 -0.06 27.62 27.40 -0.22 0.71 0.73 9.18 -18.74 6.17 2.43 2.09 3.83 6.08 2.00 2.08 2.06 0 1 0.14 1.80 2.03 5.59 0 2
sc3 0046 58 5 103 2.84 -165.32 -162.72 2.61 43.44 43.55 0.11 40.91 40.99 0.08 0.81 0.85 9.26 -25.78 4.78 2.18 1.54 2.73 4.81 1.93 1.55 1.86 0 1 0.12 1.17 1.49 4.57 0 2
sc3 0051 10 4 54 0.48 11.61 10.97 0.64 82.42 83.04 0.62 79.96 80.47 0.52 0.46 0.68 9.75 -26.36 4.77 1.93 1.50 2.76 4.53 1.94 1.67 1.68 1 0 0.00 1.29 1.23 3.85 0 3
sc3 0055 19 7 192 5.94 -168.94 -168.27 0.68 25.44 25.40 -0.04 22.95 22.75 -0.20 0.61 0.75 9.24 -15.22 5.08 2.08 1.66 2.96 4.84 1.83 1.32 1.90 0 1 0.17 1.09 0.75 4.24 0 2
sc3 0056 20 5 121 1.11 -81.28 -84.09 2.81 44.20 45.18 0.99 41.59 42.69 1.09 0.52 0.55 9.22 -21.46 4.49 2.21 1.50 2.57 4.90 1.84 1.60 1.96 1 0 0.00 0.23 0.18 1.47 0 3
sc3 0058 32 6 90 3.09 -168.15 -165.72 2.42 54.53 54.44 -0.09 51.88 51.93 0.05 0.66 0.85 9.49 -20.04 4.54 2.19 1.56 2.54 4.91 2.01 1.64 2.11 1 1 0.13 1.83 1.58 4.80 0 3
sc3 0069 48 3 130 3.52 11.46 11.09 0.37 35.22 35.69 0.47 33.10 33.40 0.30 0.61 0.62 9.15 -27.04 4.63 2.11 1.65 2.73 4.56 1.73 1.63 1.86 0 0 0.11 0.85 1.01 4.46 0 2
sc3 0070 17 5 533 7.87 -168.17 -168.68 0.51 14.90 15.10 0.20 13.54 13.59 0.05 0.65 0.72 9.52 -14.54 4.69 2.12 1.62 2.79 4.46 1.83 1.47 1.87 0 0 0.14 0.00 0.00 0.00 0 2
sc3 0082 32 5 94 2.98 -162.41 -160.89 1.52 44.43 44.62 0.19 41.87 42.14 0.27 0.75 0.80 9.26 -26.85 4.64 2.11 1.50 2.65 5.00 1.82 1.41 1.84 0 1 0.13 0.87 1.28 4.40 0 2
sc3 0087 5 5 95 3.37 -168.00 -164.37 3.62 51.82 52.22 0.40 49.34 49.69 0.35 0.53 0.66 9.37 -25.43 4.57 2.20 1.51 2.52 4.69 1.70 1.59 2.06 1 1 0.14 1.51 1.50 4.37 0 3
sc3 0094 52 3 248 9.55 -167.99 -167.66 0.33 20.63 20.53 -0.10 18.40 18.18 -0.22 0.64 0.74 9.32 -14.79 4.72 2.06 1.57 2.80 4.65 1.73 1.39 1.87 0 1 0.18 1.31 1.00 3.59 0 2
sc3 0096 20 4 76 1.76 -168.30 -163.78 4.52 56.52 57.07 0.55 54.20 54.83 0.63 0.47 0.60 9.44 -26.14 3.94 2.13 1.32 2.23 4.36 1.60 1.39 1.77 0 1 0.08 1.05 1.31 4.07 0 2
sc3 0099 29 5 82 3.41 -167.08 -163.33 3.76 64.18 64.69 0.51 61.54 62.15 0.61 0.54 0.68 9.55 -27.28 4.52 2.31 1.59 2.54 4.91 1.92 1.65 2.29 1 1 0.16 1.89 1.61 4.68 0 3
sc3 0100 16 4 151 4.46 21.89 23.62 1.73 28.33 28.75 0.42 26.59 26.76 0.17 0.47 0.58 9.22 -25.69 4.87 2.13 1.59 2.83 4.81 1.46 1.33 1.88 0 0 0.17 1.13 0.60 3.83 0 2
sc4 0001 49 3 164 2.67 12.12 13.02 0.91 33.88 34.42 0.54 32.91 33.29 0.38 0.48 0.49 9.48 -34.35 4.79 2.13 1.60 2.86 5.00 1.82 1.55 1.88 0 0 0.14 0.94 1.36 4.70 0 2
sc4 0001 6 4 136 0.72 11.49 8.58 2.91 37.96 38.25 0.29 35.62 36.05 0.43 0.59 0.64 9.27 -31.60 4.81 2.12 1.63 2.82 5.09 2.06 1.76 1.87 0 0 0.03 0.78 0.83 4.81 0 2
sc4 0001 7 7 163 1.80 12.87 12.33 0.54 38.24 38.54 0.30 36.00 36.26 0.26 0.54 0.66 9.20 -34.42 5.89 2.28 2.01 3.67 5.73 2.18 1.77 2.03 0 0 0.12 0.80 1.18 5.69 0 2
sc4 0011 30 5 114 1.54 11.54 11.09 0.45 41.74 42.15 0.40 39.64 39.90 0.26 0.58 0.65 9.28 -34.77 4.86 2.18 1.63 2.90 4.62 1.95 1.74 1.89 0 1 0.08 1.09 1.20 4.43 0 2
sc4 0015 3 6 148 1.30 11.71 10.94 0.77 35.75 35.92 0.17 33.67 33.70 0.03 0.63 0.65 9.21 -30.62 4.75 2.36 1.75 2.83 4.82 1.90 1.74 1.87 0 1 0.07 0.82 0.98 4.72 0 2
sc4 0018 20 4 74 4.14 10.99 12.94 1.95 60.99 61.28 0.29 58.58 58.72 0.14 0.52 0.73 9.71 -32.75 4.85 1.89 1.55 2.76 4.65 1.72 1.50 1.86 0 1 0.18 0.37 0.59 4.07 0 2
sc4 0022 13 4 103 5.92 -167.41 -169.99 2.58 41.20 41.36 0.16 38.74 38.80 0.06 0.63 0.77 9.45 -21.97 4.74 2.10 1.51 2.68 4.73 1.68 1.34 1.85 0 0 0.17 0.52 0.73 1.43 0 2
sc4 0024 23 4 60 0.56 -72.90 -76.96 4.06 61.82 61.67 -0.15 59.33 59.22 -0.11 0.54 0.78 9.39 -33.79 4.60 1.92 1.50 2.78 4.88 1.80 1.43 1.67 1 0 0.00 0.03 0.10 0.66 0 3
sc4 0024 9 4 93 0.52 11.19 8.88 2.31 51.83 52.19 0.36 49.43 49.88 0.44 0.63 0.70 9.54 -32.45 4.34 1.99 1.49 2.52 4.53 1.94 1.67 1.74 1 0 0.00 0.84 0.88 3.17 0 3
sc4 0025 38 6 203 1.14 -168.27 -169.18 0.91 32.32 32.50 0.18 29.40 29.63 0.23 0.72 0.72 9.36 -17.90 5.43 2.22 2.14 3.33 5.61 2.07 2.12 1.97 0 0 0.03 1.75 2.00 4.96 0 2
sc4 0028 28 6 96 3.60 9.97 11.33 1.36 60.52 60.72 0.20 57.53 57.44 -0.08 0.63 0.79 9.69 -34.78 6.29 2.45 2.18 3.82 5.93 2.06 1.74 2.37 1 1 0.17 1.02 0.48 5.77 0 3
sc4 0030 48 2 65 0.20 -167.90 -168.98 1.08 79.74 80.16 0.42 77.21 77.66 0.45 0.45 0.68 9.84 -21.84 4.60 2.07 1.53 2.73 4.76 1.74 1.40 1.82 1 0 0.00 0.18 0.42 1.27 0 3
sc4 0030 8 4 130 0.49 -167.91 -169.04 1.13 37.11 37.34 0.23 34.65 34.84 0.20 0.58 0.67 9.38 -21.50 4.64 2.09 1.54 2.75 4.72 1.81 1.49 1.84 1 0 0.00 1.31 0.81 3.75 0 3
sc4 0032 6 2 89 1.11 -167.41 -169.30 1.89 65.37 65.65 0.28 63.04 63.25 0.22 0.54 0.79 9.83 -17.90 4.41 1.98 1.45 2.62 4.35 1.81 1.57 1.73 1 0 0.00 0.14 0.34 1.25 0 3
sc4 0037 59 4 146 0.33 -168.47 -168.98 0.50 34.26 34.55 0.29 31.87 32.12 0.25 0.60 0.62 9.38 -18.19 4.44 2.07 1.50 2.61 4.50 1.78 1.58 1.82 1 0 0.00 1.43 1.13 4.16 0 3
sc4 0041 5 5 117 4.62 -168.12 -170.16 2.04 37.93 38.10 0.17 35.29 35.50 0.20 0.68 0.76 9.40 -22.53 4.91 2.13 1.59 2.84 5.13 1.84 1.44 1.88 0 0 0.15 1.33 1.19 4.69 0 2
sc4 0051 10 4 164 0.41 -168.86 -170.93 2.06 39.47 39.76 0.29 36.39 36.73 0.34 0.68 0.70 9.40 -23.31 5.86 2.25 2.09 3.66 6.08 2.00 2.08 2.00 1 0 0.00 1.74 1.98 5.35 0 3
sc4 0054 17 5 91 1.22 -89.13 -93.43 4.31 48.18 48.49 0.31 45.56 45.68 0.12 0.61 0.76 9.32 -15.86 5.20 2.14 1.65 2.95 4.90 1.84 1.60 1.89 1 0 0.00 0.52 1.05 1.19 0 3
sc4 0058 15 5 129 5.68 -168.78 -171.06 2.28 34.98 35.13 0.15 32.45 32.50 0.05 0.68 0.81 9.41 -19.55 4.92 2.12 1.58 2.82 4.84 1.83 1.32 1.87 0 0 0.16 0.79 0.71 1.83 0 2
sc4 0060 55 4 156 4.20 -168.48 -168.32 0.16 27.00 27.12 0.12 24.81 24.87 0.06 0.59 0.65 9.29 -21.92 4.83 2.13 1.61 2.88 5.07 1.80 1.45 1.88 0 0 0.13 1.33 1.32 4.65 0 2
sc4 0061 41 5 90 4.28 11.46 11.34 0.13 53.84 54.40 0.56 51.47 51.77 0.30 0.57 0.61 9.61 -30.45 4.86 2.22 1.59 2.75 4.56 1.73 1.63 2.01 1 1 0.17 0.05 0.23 0.49 0 3
sc4 0063 14 9 151 5.21 -168.77 -169.08 0.31 31.68 31.70 0.02 29.31 29.18 -0.13 0.69 0.76 9.36 -17.88 4.65 2.11 1.62 2.76 4.46 1.83 1.47 1.86 0 0 0.17 0.73 0.82 1.92 0 2
sc4 0078 24 4 106 0.80 -167.93 -171.86 3.94 52.46 52.69 0.24 49.80 50.11 0.30 0.77 0.81 9.63 -23.99 4.67 2.24 1.63 2.71 4.91 2.01 1.64 1.99 1 0 0.00 0.62 0.67 2.06 0 3
sc4 0089 24 10 168 1.54 36.53 32.24 4.29 32.98 33.28 0.30 30.25 30.56 0.31 0.52 0.54 9.30 -14.59 4.93 2.30 1.82 2.83 5.05 2.06 1.76 1.87 0 1 0.06 1.35 1.00 4.32 0 2
sc4 0090 42 6 85 0.72 -91.30 -94.60 3.30 50.15 50.65 0.50 47.56 47.95 0.39 0.60 0.68 9.31 -14.04 5.02 2.10 1.65 2.99 4.81 1.93 1.55 1.85 1 0 0.00 0.19 0.72 1.73 0 3
sc4 0092 5 5 215 1.82 -167.37 -169.41 2.04 25.01 25.60 0.59 24.17 24.67 0.51 0.41 0.45 9.43 -25.59 4.75 2.12 1.64 2.83 4.69 1.70 1.59 1.87 0 0 0.04 1.47 1.52 4.36 0 2
sc4 0093 44 6 136 4.75 -168.04 -168.14 0.10 32.39 32.63 0.24 29.97 30.04 0.07 0.62 0.71 9.37 -17.59 4.81 2.11 1.56 2.77 4.65 1.73 1.39 1.86 0 0 0.13 1.29 0.94 3.91 0 2
sc4 0096 25 5 115 4.61 -130.65 -134.68 4.03 34.69 35.02 0.33 32.03 32.40 0.37 0.63 0.72 9.20 -14.95 4.81 2.11 1.56 2.77 5.00 1.82 1.41 1.86 0 0 0.14 1.33 0.84 3.41 0 2
sc4 0099 16 5 116 4.58 21.04 20.05 0.99 37.71 38.18 0.47 35.29 35.58 0.29 0.38 0.46 9.35 -21.44 4.86 2.11 1.55 2.76 4.81 1.46 1.33 1.86 0 0 0.16 0.78 0.70 2.54 0 2
